outlet1,outlet2,similarity
0,84,0.9560434222221375
84,0,0.9560434222221375
0,164,0.9560360908508301
164,0,0.9560360908508301
0,267,0.9560315608978271
267,0,0.9560315608978271
0,269,0.9560315608978271
269,0,0.9560315608978271
0,303,0.9560462236404419
303,0,0.9560462236404419
0,318,0.9560340642929077
318,0,0.9560340642929077
0,382,0.956047534942627
382,0,0.956047534942627
0,400,0.956045925617218
400,0,0.956045925617218
0,465,0.9560315608978271
465,0,0.9560315608978271
0,473,0.9560597538948059
473,0,0.9560597538948059
0,493,0.956055760383606
493,0,0.956055760383606
0,536,0.9560441970825195
536,0,0.9560441970825195
0,549,0.9560537338256836
549,0,0.9560537338256836
0,556,0.9560302495956421
556,0,0.9560302495956421
0,574,0.9560332298278809
574,0,0.9560332298278809
0,693,0.9560320973396301
693,0,0.9560320973396301
0,697,0.956045389175415
697,0,0.956045389175415
84,164,0.9560434818267822
164,84,0.9560434818267822
84,267,0.9560388326644897
267,84,0.9560388326644897
84,269,0.9560388326644897
269,84,0.9560388326644897
84,303,0.9560535550117493
303,84,0.9560535550117493
84,318,0.9560414552688599
318,84,0.9560414552688599
84,382,0.9560549259185791
382,84,0.9560549259185791
84,400,0.9560532569885254
400,84,0.9560532569885254
84,465,0.9560388326644897
465,84,0.9560388326644897
84,473,0.9560671448707581
473,84,0.9560671448707581
84,493,0.9560632705688477
493,84,0.9560632705688477
84,536,0.9560515880584717
536,84,0.9560515880584717
84,549,0.9560611248016357
549,84,0.9560611248016357
84,556,0.9560376405715942
556,84,0.9560376405715942
84,574,0.9560407400131226
574,84,0.9560407400131226
84,693,0.9560394883155823
693,84,0.9560394883155823
84,697,0.9560527801513672
697,84,0.9560527801513672
164,267,0.9560250043869019
267,164,0.9560250043869019
164,269,0.9560250043869019
269,164,0.9560250043869019
164,303,0.9560396671295166
303,164,0.9560396671295166
164,318,0.9560275077819824
318,164,0.9560275077819824
164,382,0.9560409784317017
382,164,0.9560409784317017
164,400,0.9560394287109375
400,164,0.9560394287109375
164,465,0.9560250043869019
465,164,0.9560250043869019
164,473,0.9560533165931702
473,164,0.9560533165931702
164,493,0.9560493230819702
493,164,0.9560493230819702
164,536,0.956037700176239
536,164,0.956037700176239
164,549,0.9560472369194031
549,164,0.9560472369194031
164,556,0.9560237526893616
556,164,0.9560237526893616
164,574,0.9560268521308899
574,164,0.9560268521308899
164,693,0.9560256600379944
693,164,0.9560256600379944
164,697,0.9560389518737793
697,164,0.9560389518737793
267,269,0.9560323357582092
269,267,0.9560323357582092
267,303,0.9560469388961792
303,267,0.9560469388961792
267,318,0.9560348391532898
318,267,0.9560348391532898
267,382,0.9560481905937195
382,267,0.9560481905937195
267,400,0.9560467004776001
400,267,0.9560467004776001
267,465,0.9560323357582092
465,267,0.9560323357582092
267,473,0.956060528755188
473,267,0.956060528755188
267,493,0.9560566544532776
493,267,0.9560566544532776
267,536,0.9560449719429016
536,267,0.9560449719429016
267,549,0.9560544490814209
549,267,0.9560544490814209
267,556,0.9560310244560242
556,267,0.9560310244560242
267,574,0.9560340642929077
574,267,0.9560340642929077
267,693,0.9560328722000122
693,267,0.9560328722000122
267,697,0.9560461640357971
697,267,0.9560461640357971
269,303,0.9560469388961792
303,269,0.9560469388961792
269,318,0.9560348391532898
318,269,0.9560348391532898
269,382,0.9560481905937195
382,269,0.9560481905937195
269,400,0.9560467004776001
400,269,0.9560467004776001
269,465,0.9560323357582092
465,269,0.9560323357582092
269,473,0.956060528755188
473,269,0.956060528755188
269,493,0.9560566544532776
493,269,0.9560566544532776
269,536,0.9560449719429016
536,269,0.9560449719429016
269,549,0.9560544490814209
549,269,0.9560544490814209
269,556,0.9560310244560242
556,269,0.9560310244560242
269,574,0.9560340642929077
574,269,0.9560340642929077
269,693,0.9560328722000122
693,269,0.9560328722000122
269,697,0.9560461640357971
697,269,0.9560461640357971
303,318,0.9560356140136719
318,303,0.9560356140136719
303,382,0.9560489654541016
382,303,0.9560489654541016
303,400,0.9560474753379822
400,303,0.9560474753379822
303,465,0.9560331106185913
465,303,0.9560331106185913
303,473,0.9560613036155701
473,303,0.9560613036155701
303,493,0.9560573101043701
493,303,0.9560573101043701
303,536,0.9560457468032837
536,303,0.9560457468032837
303,549,0.956055223941803
549,303,0.956055223941803
303,556,0.9560317993164062
556,303,0.9560317993164062
303,574,0.9560348391532898
574,303,0.9560348391532898
303,693,0.9560337066650391
693,303,0.9560337066650391
303,697,0.9560470581054688
697,303,0.9560470581054688
318,382,0.9560401439666748
382,318,0.9560401439666748
318,400,0.9560385942459106
400,318,0.9560385942459106
318,465,0.956024169921875
465,318,0.956024169921875
318,473,0.9560524225234985
473,318,0.9560524225234985
318,493,0.9560484886169434
493,318,0.9560484886169434
318,536,0.9560368657112122
536,318,0.9560368657112122
318,549,0.9560463428497314
549,318,0.9560463428497314
318,556,0.9560228586196899
556,318,0.9560228586196899
318,574,0.9560259580612183
574,318,0.9560259580612183
318,693,0.9560247659683228
693,318,0.9560247659683228
318,697,0.9560379981994629
697,318,0.9560379981994629
382,400,0.9560467600822449
400,382,0.9560467600822449
382,465,0.956032395362854
465,382,0.956032395362854
382,473,0.956060528755188
473,382,0.956060528755188
382,493,0.9560565948486328
493,382,0.9560565948486328
382,536,0.9560450315475464
536,382,0.9560450315475464
382,549,0.9560545682907104
549,382,0.9560545682907104
382,556,0.956031084060669
556,382,0.956031084060669
382,574,0.9560340642929077
574,382,0.9560340642929077
382,693,0.9560328722000122
693,382,0.9560328722000122
382,697,0.9560462236404419
697,382,0.9560462236404419
400,465,0.9560306668281555
465,400,0.9560306668281555
400,473,0.9560588598251343
473,400,0.9560588598251343
400,493,0.9560549259185791
493,400,0.9560549259185791
400,536,0.9560433626174927
536,400,0.9560433626174927
400,549,0.956052839756012
549,400,0.956052839756012
400,556,0.9560293555259705
556,400,0.9560293555259705
400,574,0.956032395362854
574,400,0.956032395362854
400,693,0.9560312032699585
693,400,0.9560312032699585
400,697,0.9560445547103882
697,400,0.9560445547103882
465,473,0.956060528755188
473,465,0.956060528755188
465,493,0.9560566544532776
493,465,0.9560566544532776
465,536,0.9560449719429016
536,465,0.9560449719429016
465,549,0.9560544490814209
549,465,0.9560544490814209
465,556,0.9560310244560242
556,465,0.9560310244560242
465,574,0.9560340642929077
574,465,0.9560340642929077
465,693,0.9560328722000122
693,465,0.9560328722000122
465,697,0.9560461640357971
697,465,0.9560461640357971
473,493,0.9560692310333252
493,473,0.9560692310333252
473,536,0.956057608127594
536,473,0.956057608127594
473,549,0.9560670852661133
549,473,0.9560670852661133
473,556,0.9560436010360718
556,473,0.9560436010360718
473,574,0.9560467004776001
574,473,0.9560467004776001
473,693,0.9560455679893494
693,473,0.9560455679893494
473,697,0.9560588002204895
697,473,0.9560588002204895
493,536,0.9560543298721313
536,493,0.9560543298721313
493,549,0.9560638666152954
549,493,0.9560638666152954
493,556,0.9560403823852539
556,493,0.9560403823852539
493,574,0.9560433626174927
574,493,0.9560433626174927
493,693,0.9560422897338867
693,493,0.9560422897338867
493,697,0.9560555815696716
697,493,0.9560555815696716
536,549,0.9560607671737671
549,536,0.9560607671737671
536,556,0.956037163734436
556,536,0.956037163734436
536,574,0.9560402631759644
574,536,0.9560402631759644
536,693,0.9560391902923584
693,536,0.9560391902923584
536,697,0.9560524225234985
697,536,0.9560524225234985
549,556,0.9560405015945435
556,549,0.9560405015945435
549,574,0.956043541431427
574,549,0.956043541431427
549,693,0.9560424089431763
693,549,0.9560424089431763
549,697,0.956055760383606
697,549,0.956055760383606
556,574,0.9560239911079407
574,556,0.9560239911079407
556,693,0.9560227990150452
693,556,0.9560227990150452
556,697,0.9560360908508301
697,556,0.9560360908508301
574,693,0.9560341238975525
693,574,0.9560341238975525
574,697,0.9560474753379822
697,574,0.9560474753379822
693,697,0.9560467004776001
697,693,0.9560467004776001
1,9,0.8708959221839905
9,1,0.8708959221839905
1,11,0.8706019520759583
11,1,0.8706019520759583
1,59,0.8699043989181519
59,1,0.8699043989181519
1,64,0.8707002997398376
64,1,0.8707002997398376
1,107,0.8703634142875671
107,1,0.8703634142875671
1,138,0.8707810640335083
138,1,0.8707810640335083
1,163,0.8699431419372559
163,1,0.8699431419372559
1,167,0.8705788850784302
167,1,0.8705788850784302
1,176,0.8700532913208008
176,1,0.8700532913208008
1,180,0.8699431419372559
180,1,0.8699431419372559
1,181,0.8698710203170776
181,1,0.8698710203170776
1,203,0.8704885840415955
203,1,0.8704885840415955
1,235,0.8701568841934204
235,1,0.8701568841934204
1,259,0.8707872629165649
259,1,0.8707872629165649
1,260,0.8708994388580322
260,1,0.8708994388580322
1,280,0.8699411153793335
280,1,0.8699411153793335
1,297,0.8699662685394287
297,1,0.8699662685394287
1,298,0.8700915575027466
298,1,0.8700915575027466
1,305,0.8705378770828247
305,1,0.8705378770828247
1,341,0.8703019022941589
341,1,0.8703019022941589
1,355,0.8709110021591187
355,1,0.8709110021591187
1,358,0.8707605004310608
358,1,0.8707605004310608
1,378,0.8699877262115479
378,1,0.8699877262115479
1,391,0.8702632784843445
391,1,0.8702632784843445
1,401,0.8700146079063416
401,1,0.8700146079063416
1,407,0.8707913756370544
407,1,0.8707913756370544
1,409,0.8700554966926575
409,1,0.8700554966926575
1,445,0.8709146976470947
445,1,0.8709146976470947
1,483,0.8699002861976624
483,1,0.8699002861976624
1,544,0.8700532913208008
544,1,0.8700532913208008
1,567,0.8708611726760864
567,1,0.8708611726760864
1,604,0.8709471225738525
604,1,0.8709471225738525
1,620,0.8699541687965393
620,1,0.8699541687965393
1,629,0.870071530342102
629,1,0.870071530342102
1,635,0.8700470924377441
635,1,0.8700470924377441
1,640,0.8708044290542603
640,1,0.8708044290542603
1,644,0.8707913756370544
644,1,0.8707913756370544
1,704,0.8707894086837769
704,1,0.8707894086837769
9,11,0.8701168894767761
11,9,0.8701168894767761
9,59,0.8694170713424683
59,9,0.8694170713424683
9,64,0.8702154755592346
64,9,0.8702154755592346
9,107,0.8698775172233582
107,9,0.8698775172233582
9,138,0.8702964782714844
138,9,0.8702964782714844
9,163,0.8694559335708618
163,9,0.8694559335708618
9,167,0.8700937032699585
167,9,0.8700937032699585
9,176,0.8695665001869202
176,9,0.8695665001869202
9,180,0.8694559335708618
180,9,0.8694559335708618
9,181,0.869383692741394
181,9,0.869383692741394
9,203,0.8700031042098999
203,9,0.8700031042098999
9,235,0.8696703314781189
235,9,0.8696703314781189
9,259,0.8703027963638306
259,9,0.8703027963638306
9,260,0.870415210723877
260,9,0.870415210723877
9,280,0.8694539070129395
280,9,0.8694539070129395
9,297,0.8694790601730347
297,9,0.8694790601730347
9,298,0.8696049451828003
298,9,0.8696049451828003
9,305,0.8700525760650635
305,9,0.8700525760650635
9,341,0.8698158264160156
341,9,0.8698158264160156
9,355,0.8704268932342529
355,9,0.8704268932342529
9,358,0.8702759742736816
358,9,0.8702759742736816
9,378,0.8695006370544434
378,9,0.8695006370544434
9,391,0.8697771430015564
391,9,0.8697771430015564
9,401,0.8695275783538818
401,9,0.8695275783538818
9,407,0.8703068494796753
407,9,0.8703068494796753
9,409,0.8695685863494873
409,9,0.8695685863494873
9,445,0.870430588722229
445,9,0.870430588722229
9,483,0.869412899017334
483,9,0.869412899017334
9,544,0.8695665001869202
544,9,0.8695665001869202
9,567,0.8703769445419312
567,9,0.8703769445419312
9,604,0.8704631924629211
604,9,0.8704631924629211
9,620,0.86946702003479
620,9,0.86946702003479
9,629,0.8695847988128662
629,9,0.8695847988128662
9,635,0.8695602416992188
635,9,0.8695602416992188
9,640,0.8703199625015259
640,9,0.8703199625015259
9,644,0.8703068494796753
644,9,0.8703068494796753
9,704,0.8703049421310425
704,9,0.8703049421310425
11,59,0.8698278069496155
59,11,0.8698278069496155
11,64,0.8706241250038147
64,11,0.8706241250038147
11,107,0.8702871203422546
107,11,0.8702871203422546
11,138,0.8707048892974854
138,11,0.8707048892974854
11,163,0.8698666095733643
163,11,0.8698666095733643
11,167,0.8705025911331177
167,11,0.8705025911331177
11,176,0.869976818561554
176,11,0.869976818561554
11,180,0.8698666095733643
180,11,0.8698666095733643
11,181,0.869794487953186
181,11,0.869794487953186
11,203,0.8704123497009277
203,11,0.8704123497009277
11,235,0.8700803518295288
235,11,0.8700803518295288
11,259,0.870711088180542
259,11,0.870711088180542
11,260,0.8708233833312988
260,11,0.8708233833312988
11,280,0.8698645234107971
280,11,0.8698645234107971
11,297,0.8698897361755371
297,11,0.8698897361755371
11,298,0.870015025138855
298,11,0.870015025138855
11,305,0.870461642742157
305,11,0.870461642742157
11,341,0.8702255487442017
341,11,0.8702255487442017
11,355,0.8708348870277405
355,11,0.8708348870277405
11,358,0.8706843852996826
358,11,0.8706843852996826
11,378,0.8699111342430115
378,11,0.8699111342430115
11,391,0.8701868653297424
391,11,0.8701868653297424
11,401,0.8699381351470947
401,11,0.8699381351470947
11,407,0.8707152605056763
407,11,0.8707152605056763
11,409,0.8699790239334106
409,11,0.8699790239334106
11,445,0.8708386421203613
445,11,0.8708386421203613
11,483,0.8698236346244812
483,11,0.8698236346244812
11,544,0.869976818561554
544,11,0.869976818561554
11,567,0.870785117149353
567,11,0.870785117149353
11,604,0.8708710670471191
604,11,0.8708710670471191
11,620,0.8698775768280029
620,11,0.8698775768280029
11,629,0.8699951171875
629,11,0.8699951171875
11,635,0.8699706196784973
635,11,0.8699706196784973
11,640,0.8707282543182373
640,11,0.8707282543182373
11,644,0.8707152605056763
644,11,0.8707152605056763
11,704,0.8707132339477539
704,11,0.8707132339477539
59,64,0.8715403079986572
64,59,0.8715403079986572
59,107,0.8712053298950195
107,59,0.8712053298950195
59,138,0.8716205954551697
138,59,0.8716205954551697
59,163,0.8707873821258545
163,59,0.8707873821258545
59,167,0.8714195489883423
167,59,0.8714195489883423
59,176,0.8708969354629517
176,59,0.8708969354629517
59,180,0.8707873821258545
180,59,0.8707873821258545
59,181,0.8707156777381897
181,59,0.8707156777381897
59,203,0.8713297843933105
203,59,0.8713297843933105
59,235,0.8709998726844788
235,59,0.8709998726844788
59,259,0.8716267943382263
259,59,0.8716267943382263
59,260,0.8717383146286011
260,59,0.8717383146286011
59,280,0.8707853555679321
280,59,0.8707853555679321
59,297,0.8708102703094482
297,59,0.8708102703094482
59,298,0.8709349632263184
298,59,0.8709349632263184
59,305,0.8713787794113159
305,59,0.8713787794113159
59,341,0.87114417552948
341,59,0.87114417552948
59,355,0.8717498779296875
355,59,0.8717498779296875
59,358,0.8716002106666565
358,59,0.8716002106666565
59,378,0.8708316087722778
378,59,0.8708316087722778
59,391,0.8711057305335999
391,59,0.8711057305335999
59,401,0.8708584308624268
401,59,0.8708584308624268
59,407,0.8716309070587158
407,59,0.8716309070587158
59,409,0.8708990812301636
409,59,0.8708990812301636
59,445,0.8717535734176636
445,59,0.8717535734176636
59,483,0.8707447052001953
483,59,0.8707447052001953
59,544,0.8708969354629517
544,59,0.8708969354629517
59,567,0.8717003464698792
567,59,0.8717003464698792
59,604,0.8717857599258423
604,59,0.8717857599258423
59,620,0.8707982897758484
620,59,0.8707982897758484
59,629,0.8709150552749634
629,59,0.8709150552749634
59,635,0.8708907961845398
635,59,0.8708907961845398
59,640,0.8716439008712769
640,59,0.8716439008712769
59,644,0.8716309070587158
644,59,0.8716309070587158
59,704,0.8716288805007935
704,59,0.8716288805007935
64,107,0.8701522946357727
107,64,0.8701522946357727
64,138,0.8705704212188721
138,64,0.8705704212188721
64,163,0.8697313666343689
163,64,0.8697313666343689
64,167,0.8703679442405701
167,64,0.8703679442405701
64,176,0.8698416948318481
176,64,0.8698416948318481
64,180,0.8697313666343689
180,64,0.8697313666343689
64,181,0.8696591854095459
181,64,0.8696591854095459
64,203,0.8702776432037354
203,64,0.8702776432037354
64,235,0.8699454069137573
235,64,0.8699454069137573
64,259,0.8705766797065735
259,64,0.8705766797065735
64,260,0.8706890344619751
260,64,0.8706890344619751
64,280,0.8697292804718018
280,64,0.8697292804718018
64,297,0.8697545528411865
297,64,0.8697545528411865
64,298,0.8698800802230835
298,64,0.8698800802230835
64,305,0.8703269958496094
305,64,0.8703269958496094
64,341,0.8700907230377197
341,64,0.8700907230377197
64,355,0.8707005977630615
355,64,0.8707005977630615
64,358,0.8705499172210693
358,64,0.8705499172210693
64,378,0.8697760105133057
378,64,0.8697760105133057
64,391,0.8700520396232605
391,64,0.8700520396232605
64,401,0.8698029518127441
401,64,0.8698029518127441
64,407,0.8705808520317078
407,64,0.8705808520317078
64,409,0.8698438405990601
409,64,0.8698438405990601
64,445,0.8707043528556824
445,64,0.8707043528556824
64,483,0.8696883916854858
483,64,0.8696883916854858
64,544,0.8698416948318481
544,64,0.8698416948318481
64,567,0.8706507086753845
567,64,0.8706507086753845
64,604,0.870736837387085
604,64,0.870736837387085
64,620,0.8697423934936523
620,64,0.8697423934936523
64,629,0.869860053062439
629,64,0.869860053062439
64,635,0.8698355555534363
635,64,0.8698355555534363
64,640,0.8705939054489136
640,64,0.8705939054489136
64,644,0.8705808520317078
644,64,0.8705808520317078
64,704,0.8705787658691406
704,64,0.8705787658691406
107,138,0.8710101842880249
138,107,0.8710101842880249
107,163,0.8701735734939575
163,107,0.8701735734939575
107,167,0.8708083629608154
167,107,0.8708083629608154
107,176,0.8702836632728577
176,107,0.8702836632728577
107,180,0.8701735734939575
180,107,0.8701735734939575
107,181,0.8701016902923584
181,107,0.8701016902923584
107,203,0.870718240737915
203,107,0.870718240737915
107,235,0.8703869581222534
235,107,0.8703869581222534
107,259,0.8710165023803711
259,107,0.8710165023803711
107,260,0.8711284399032593
260,107,0.8711284399032593
107,280,0.8701715469360352
280,107,0.8701715469360352
107,297,0.8701966404914856
297,107,0.8701966404914856
107,298,0.8703218698501587
298,107,0.8703218698501587
107,305,0.8707674145698547
305,107,0.8707674145698547
107,341,0.8705318570137024
341,107,0.8705318570137024
107,355,0.8711400032043457
355,107,0.8711400032043457
107,358,0.8709897994995117
358,107,0.8709897994995117
107,378,0.8702180981636047
378,107,0.8702180981636047
107,391,0.8704932928085327
391,107,0.8704932928085327
107,401,0.8702449798583984
401,107,0.8702449798583984
107,407,0.8710205554962158
407,107,0.8710205554962158
107,409,0.8702857494354248
409,107,0.8702857494354248
107,445,0.8711436986923218
445,107,0.8711436986923218
107,483,0.870130717754364
483,107,0.870130717754364
107,544,0.8702836632728577
544,107,0.8702836632728577
107,567,0.871090292930603
567,107,0.871090292930603
107,604,0.8711760640144348
604,107,0.8711760640144348
107,620,0.870184600353241
620,107,0.870184600353241
107,629,0.8703018426895142
629,107,0.8703018426895142
107,635,0.8702774047851562
635,107,0.8702774047851562
107,640,0.8710336089134216
640,107,0.8710336089134216
107,644,0.8710205554962158
644,107,0.8710205554962158
107,704,0.8710185289382935
704,107,0.8710185289382935
138,163,0.869614839553833
163,138,0.869614839553833
138,167,0.8702518939971924
167,138,0.8702518939971924
138,176,0.869725227355957
176,138,0.869725227355957
138,180,0.869614839553833
180,138,0.869614839553833
138,181,0.8695425987243652
181,138,0.8695425987243652
138,203,0.8701614141464233
203,138,0.8701614141464233
138,235,0.869828999042511
235,138,0.869828999042511
138,259,0.8704607486724854
259,138,0.8704607486724854
138,260,0.8705731630325317
260,138,0.8705731630325317
138,280,0.8696128129959106
280,138,0.8696128129959106
138,297,0.8696380257606506
297,138,0.8696380257606506
138,298,0.8697636127471924
298,138,0.8697636127471924
138,305,0.8702108860015869
305,138,0.8702108860015869
138,341,0.8699744939804077
341,138,0.8699744939804077
138,355,0.8705847859382629
355,138,0.8705847859382629
138,358,0.8704339861869812
358,138,0.8704339861869812
138,378,0.8696594834327698
378,138,0.8696594834327698
138,391,0.8699356913566589
391,138,0.8699356913566589
138,401,0.8696864247322083
401,138,0.8696864247322083
138,407,0.8704649209976196
407,138,0.8704649209976196
138,409,0.8697274327278137
409,138,0.8697274327278137
138,445,0.8705885410308838
445,138,0.8705885410308838
138,483,0.8695719242095947
483,138,0.8695719242095947
138,544,0.869725227355957
544,138,0.869725227355957
138,567,0.8705348372459412
567,138,0.8705348372459412
138,604,0.8706209659576416
604,138,0.8706209659576416
138,620,0.8696258664131165
620,138,0.8696258664131165
138,629,0.8697435855865479
629,138,0.8697435855865479
138,635,0.8697190284729004
635,138,0.8697190284729004
138,640,0.8704780340194702
640,138,0.8704780340194702
138,644,0.8704649209976196
644,138,0.8704649209976196
138,704,0.8704628944396973
704,138,0.8704628944396973
163,167,0.8713686466217041
167,163,0.8713686466217041
163,176,0.8708457946777344
176,163,0.8708457946777344
163,180,0.8707362413406372
180,163,0.8707362413406372
163,181,0.8706644773483276
181,163,0.8706644773483276
163,203,0.8712788820266724
203,163,0.8712788820266724
163,235,0.8709487915039062
235,163,0.8709487915039062
163,259,0.8715759515762329
259,163,0.8715759515762329
163,260,0.8716875314712524
260,163,0.8716875314712524
163,280,0.8707342147827148
280,163,0.8707342147827148
163,297,0.8707591891288757
297,163,0.8707591891288757
163,298,0.8708839416503906
298,163,0.8708839416503906
163,305,0.8713278770446777
305,163,0.8713278770446777
163,341,0.8710931539535522
341,163,0.8710931539535522
163,355,0.8716990947723389
355,163,0.8716990947723389
163,358,0.8715493679046631
358,163,0.8715493679046631
163,378,0.8707805871963501
378,163,0.8707805871963501
163,391,0.8710546493530273
391,163,0.8710546493530273
163,401,0.8708072900772095
401,163,0.8708072900772095
163,407,0.8715800642967224
407,163,0.8715800642967224
163,409,0.8708480000495911
409,163,0.8708480000495911
163,445,0.8717027902603149
445,163,0.8717027902603149
163,483,0.870693564414978
483,163,0.870693564414978
163,544,0.8708457946777344
544,163,0.8708457946777344
163,567,0.8716495633125305
567,163,0.8716495633125305
163,604,0.8717350363731384
604,163,0.8717350363731384
163,620,0.8707472085952759
620,163,0.8707472085952759
163,629,0.8708639740943909
629,163,0.8708639740943909
163,635,0.8708396553993225
635,163,0.8708396553993225
163,640,0.8715930581092834
640,163,0.8715930581092834
163,644,0.8715800642967224
644,163,0.8715800642967224
163,704,0.8715780377388
704,163,0.8715780377388
167,176,0.8700003623962402
176,167,0.8700003623962402
167,180,0.8698901534080505
180,167,0.8698901534080505
167,181,0.8698180317878723
181,167,0.8698180317878723
167,203,0.8704358339309692
203,167,0.8704358339309692
167,235,0.8701039552688599
235,167,0.8701039552688599
167,259,0.8707345724105835
259,167,0.8707345724105835
167,260,0.8708468079566956
260,167,0.8708468079566956
167,280,0.8698880672454834
280,167,0.8698880672454834
167,297,0.8699132800102234
297,167,0.8699132800102234
167,298,0.870038628578186
298,167,0.870038628578186
167,305,0.8704851269721985
305,167,0.8704851269721985
167,341,0.8702490329742432
341,167,0.8702490329742432
167,355,0.8708584308624268
355,167,0.8708584308624268
167,358,0.8707078695297241
358,167,0.8707078695297241
167,378,0.8699346780776978
378,167,0.8699346780776978
167,391,0.8702104091644287
391,167,0.8702104091644287
167,401,0.869961678981781
401,167,0.869961678981781
167,407,0.8707387447357178
407,167,0.8707387447357178
167,409,0.8700025677680969
409,167,0.8700025677680969
167,445,0.8708621263504028
445,167,0.8708621263504028
167,483,0.8698471784591675
483,167,0.8698471784591675
167,544,0.8700003623962402
544,167,0.8700003623962402
167,567,0.870808482170105
567,167,0.870808482170105
167,604,0.8708945512771606
604,167,0.8708945512771606
167,620,0.869901180267334
620,167,0.869901180267334
167,629,0.8700186014175415
629,167,0.8700186014175415
167,635,0.8699941635131836
635,167,0.8699941635131836
167,640,0.8707517385482788
640,167,0.8707517385482788
167,644,0.8707387447357178
644,167,0.8707387447357178
167,704,0.8707367181777954
704,167,0.8707367181777954
176,180,0.8705736398696899
180,176,0.8705736398696899
176,181,0.8705018162727356
181,176,0.8705018162727356
176,203,0.8711168766021729
203,176,0.8711168766021729
176,235,0.8707864284515381
235,176,0.8707864284515381
176,259,0.8714142441749573
259,176,0.8714142441749573
176,260,0.8715259432792664
260,176,0.8715259432792664
176,280,0.8705716133117676
280,176,0.8705716133117676
176,297,0.8705966472625732
297,176,0.8705966472625732
176,298,0.8707213997840881
298,176,0.8707213997840881
176,305,0.8711658716201782
305,176,0.8711658716201782
176,341,0.8709309101104736
341,176,0.8709309101104736
176,355,0.871537446975708
355,176,0.871537446975708
176,358,0.8713877201080322
358,176,0.8713877201080322
176,378,0.8706179857254028
378,176,0.8706179857254028
176,391,0.8708924055099487
391,176,0.8708924055099487
176,401,0.8706446886062622
401,176,0.8706446886062622
176,407,0.8714183568954468
407,176,0.8714183568954468
176,409,0.8706854581832886
409,176,0.8706854581832886
176,445,0.8715411424636841
445,176,0.8715411424636841
176,483,0.8705308437347412
483,176,0.8705308437347412
176,544,0.8706833124160767
544,176,0.8706833124160767
176,567,0.8714878559112549
567,176,0.8714878559112549
176,604,0.8715734481811523
604,176,0.8715734481811523
176,620,0.8705846071243286
620,176,0.8705846071243286
176,629,0.8707015514373779
629,176,0.8707015514373779
176,635,0.87067711353302
635,176,0.87067711353302
176,640,0.8714313507080078
640,176,0.8714313507080078
176,644,0.8714183568954468
644,176,0.8714183568954468
176,704,0.8714163303375244
704,176,0.8714163303375244
180,181,0.8706644773483276
181,180,0.8706644773483276
180,203,0.8712788820266724
203,180,0.8712788820266724
180,235,0.8709487915039062
235,180,0.8709487915039062
180,259,0.8715759515762329
259,180,0.8715759515762329
180,260,0.8716875314712524
260,180,0.8716875314712524
180,280,0.8707342147827148
280,180,0.8707342147827148
180,297,0.8707591891288757
297,180,0.8707591891288757
180,298,0.8708839416503906
298,180,0.8708839416503906
180,305,0.8713278770446777
305,180,0.8713278770446777
180,341,0.8710931539535522
341,180,0.8710931539535522
180,355,0.8716990947723389
355,180,0.8716990947723389
180,358,0.8715493679046631
358,180,0.8715493679046631
180,378,0.8707805871963501
378,180,0.8707805871963501
180,391,0.8710546493530273
391,180,0.8710546493530273
180,401,0.8708072900772095
401,180,0.8708072900772095
180,407,0.8715800642967224
407,180,0.8715800642967224
180,409,0.8708480000495911
409,180,0.8708480000495911
180,445,0.8717027902603149
445,180,0.8717027902603149
180,483,0.870693564414978
483,180,0.870693564414978
180,544,0.8708457946777344
544,180,0.8708457946777344
180,567,0.8716495633125305
567,180,0.8716495633125305
180,604,0.8717350363731384
604,180,0.8717350363731384
180,620,0.8707472085952759
620,180,0.8707472085952759
180,629,0.8708639740943909
629,180,0.8708639740943909
180,635,0.8708396553993225
635,180,0.8708396553993225
180,640,0.8715930581092834
640,180,0.8715930581092834
180,644,0.8715800642967224
644,180,0.8715800642967224
180,704,0.8715780377388
704,180,0.8715780377388
181,203,0.8713608980178833
203,181,0.8713608980178833
181,235,0.8710310459136963
235,181,0.8710310459136963
181,259,0.8716578483581543
259,181,0.8716578483581543
181,260,0.8717693090438843
260,181,0.8717693090438843
181,280,0.8708164691925049
280,181,0.8708164691925049
181,297,0.8708415031433105
297,181,0.8708415031433105
181,298,0.8709661364555359
298,181,0.8709661364555359
181,305,0.8714098930358887
305,181,0.8714098930358887
181,341,0.8711752891540527
341,181,0.8711752891540527
181,355,0.8717808723449707
355,181,0.8717808723449707
181,358,0.8716312646865845
358,181,0.8716312646865845
181,378,0.8708628416061401
378,181,0.8708628416061401
181,391,0.8711368441581726
391,181,0.8711368441581726
181,401,0.8708895444869995
401,181,0.8708895444869995
181,407,0.871661901473999
407,181,0.871661901473999
181,409,0.8709301948547363
409,181,0.8709301948547363
181,445,0.8717845678329468
445,181,0.8717845678329468
181,483,0.8707758188247681
483,181,0.8707758188247681
181,544,0.870928168296814
544,181,0.870928168296814
181,567,0.8717314004898071
567,181,0.8717314004898071
181,604,0.8718167543411255
604,181,0.8718167543411255
181,620,0.8708294630050659
620,181,0.8708294630050659
181,629,0.8709462285041809
629,181,0.8709462285041809
181,635,0.8709219694137573
635,181,0.8709219694137573
181,640,0.8716748356819153
640,181,0.8716748356819153
181,644,0.871661901473999
644,181,0.871661901473999
181,704,0.8716598749160767
704,181,0.8716598749160767
203,235,0.8702170848846436
235,203,0.8702170848846436
203,259,0.8708472847938538
259,203,0.8708472847938538
203,260,0.8709594011306763
260,203,0.8709594011306763
203,280,0.8700014352798462
280,203,0.8700014352798462
203,297,0.8700265884399414
297,203,0.8700265884399414
203,298,0.8701518774032593
298,203,0.8701518774032593
203,305,0.8705980777740479
305,203,0.8705980777740479
203,341,0.8703621625900269
341,203,0.8703621625900269
203,355,0.8709709644317627
355,203,0.8709709644317627
203,358,0.8708205819129944
358,203,0.8708205819129944
203,378,0.8700480461120605
378,203,0.8700480461120605
203,391,0.8703235387802124
391,203,0.8703235387802124
203,401,0.8700748682022095
401,203,0.8700748682022095
203,407,0.8708513975143433
407,203,0.8708513975143433
203,409,0.8701158165931702
409,203,0.8701158165931702
203,445,0.8709747195243835
445,203,0.8709747195243835
203,483,0.869960606098175
483,203,0.869960606098175
203,544,0.8701136112213135
544,203,0.8701136112213135
203,567,0.8709211945533752
567,203,0.8709211945533752
203,604,0.8710070848464966
604,203,0.8710070848464966
203,620,0.8700145483016968
620,203,0.8700145483016968
203,629,0.8701318502426147
629,203,0.8701318502426147
203,635,0.8701074123382568
635,203,0.8701074123382568
203,640,0.8708643913269043
640,203,0.8708643913269043
203,644,0.8708513975143433
644,203,0.8708513975143433
203,704,0.8708493709564209
704,203,0.8708493709564209
235,259,0.8712894320487976
259,235,0.8712894320487976
235,260,0.8714011907577515
260,235,0.8714011907577515
235,280,0.8704460859298706
280,235,0.8704460859298706
235,297,0.8704711198806763
297,235,0.8704711198806763
235,298,0.8705961108207703
298,235,0.8705961108207703
235,305,0.8710408210754395
305,235,0.8710408210754395
235,341,0.8708057403564453
341,235,0.8708057403564453
235,355,0.8714127540588379
355,235,0.8714127540588379
235,358,0.871262788772583
358,235,0.871262788772583
235,378,0.8704925775527954
378,235,0.8704925775527954
235,391,0.8707672357559204
391,235,0.8707672357559204
235,401,0.8705192804336548
401,235,0.8705192804336548
235,407,0.8712934851646423
407,235,0.8712934851646423
235,409,0.8705600500106812
409,235,0.8705600500106812
235,445,0.871416449546814
445,235,0.871416449546814
235,483,0.8704053163528442
483,235,0.8704053163528442
235,544,0.8705579042434692
544,235,0.8705579042434692
235,567,0.8713631629943848
567,235,0.8713631629943848
235,604,0.871448814868927
604,235,0.871448814868927
235,620,0.8704590797424316
620,235,0.8704590797424316
235,629,0.8705761432647705
629,235,0.8705761432647705
235,635,0.8705517053604126
635,235,0.8705517053604126
235,640,0.8713065385818481
640,235,0.8713065385818481
235,644,0.8712934851646423
644,235,0.8712934851646423
235,704,0.8712915182113647
704,235,0.8712915182113647
259,260,0.8705716133117676
260,259,0.8705716133117676
259,280,0.8696112632751465
280,259,0.8696112632751465
259,297,0.8696365356445312
297,259,0.8696365356445312
259,298,0.8697621822357178
298,259,0.8697621822357178
259,305,0.8702093362808228
305,259,0.8702093362808228
259,341,0.8699729442596436
341,259,0.8699729442596436
259,355,0.8705832958221436
355,259,0.8705832958221436
259,358,0.8704324960708618
358,259,0.8704324960708618
259,378,0.8696579933166504
378,259,0.8696579933166504
259,391,0.8699342012405396
391,259,0.8699342012405396
259,401,0.8696848750114441
401,259,0.8696848750114441
259,407,0.8704633712768555
407,259,0.8704633712768555
259,409,0.8697258830070496
409,259,0.8697258830070496
259,445,0.8705870509147644
445,259,0.8705870509147644
259,483,0.8695703148841858
483,259,0.8695703148841858
259,544,0.8697236776351929
544,259,0.8697236776351929
259,567,0.8705333471298218
567,259,0.8705333471298218
259,604,0.8706194758415222
604,259,0.8706194758415222
259,620,0.8696243762969971
620,259,0.8696243762969971
259,629,0.8697420358657837
629,259,0.8697420358657837
259,635,0.8697174787521362
635,259,0.8697174787521362
259,640,0.870476484298706
640,259,0.870476484298706
259,644,0.8704633712768555
644,259,0.8704633712768555
259,704,0.8704614639282227
704,259,0.8704614639282227
260,280,0.8694480657577515
280,260,0.8694480657577515
260,297,0.8694732785224915
297,260,0.8694732785224915
260,298,0.8695990443229675
298,260,0.8695990443229675
260,305,0.8700467348098755
305,260,0.8700467348098755
260,341,0.8698101043701172
341,260,0.8698101043701172
260,355,0.8704210519790649
355,260,0.8704210519790649
260,358,0.8702701330184937
358,260,0.8702701330184937
260,378,0.8694947957992554
378,260,0.8694947957992554
260,391,0.8697712421417236
391,260,0.8697712421417236
260,401,0.8695217370986938
401,260,0.8695217370986938
260,407,0.8703010082244873
407,260,0.8703010082244873
260,409,0.8695627450942993
409,260,0.8695627450942993
260,445,0.8704248070716858
445,260,0.8704248070716858
260,483,0.869407057762146
483,260,0.869407057762146
260,544,0.8695605993270874
544,260,0.8695605993270874
260,567,0.8703711032867432
567,260,0.8703711032867432
260,604,0.8704573512077332
604,260,0.8704573512077332
260,620,0.8694611191749573
620,260,0.8694611191749573
260,629,0.8695789575576782
629,260,0.8695789575576782
260,635,0.8695544004440308
635,260,0.8695544004440308
260,640,0.8703141808509827
640,260,0.8703141808509827
260,644,0.8703010082244873
644,260,0.8703010082244873
260,704,0.8702991008758545
704,260,0.8702991008758545
280,297,0.8707623481750488
297,280,0.8707623481750488
280,298,0.870887041091919
298,280,0.870887041091919
280,305,0.871330976486206
305,280,0.871330976486206
280,341,0.8710962533950806
341,280,0.8710962533950806
280,355,0.8717021346092224
355,280,0.8717021346092224
280,358,0.8715524673461914
358,280,0.8715524673461914
280,378,0.8707836866378784
378,280,0.8707836866378784
280,391,0.8710578083992004
391,280,0.8710578083992004
280,401,0.8708103895187378
401,280,0.8708103895187378
280,407,0.871583104133606
407,280,0.871583104133606
280,409,0.8708510398864746
409,280,0.8708510398864746
280,445,0.8717058897018433
445,280,0.8717058897018433
280,483,0.8706965446472168
483,280,0.8706965446472168
280,544,0.8708490133285522
544,280,0.8708490133285522
280,567,0.8716526031494141
567,280,0.8716526031494141
280,604,0.871738076210022
604,280,0.871738076210022
280,620,0.8707503080368042
620,280,0.8707503080368042
280,629,0.870867133140564
629,280,0.870867133140564
280,635,0.870842695236206
635,280,0.870842695236206
280,640,0.871596097946167
640,280,0.871596097946167
280,644,0.871583104133606
644,280,0.871583104133606
280,704,0.8715811967849731
704,280,0.8715811967849731
297,298,0.8708526492118835
298,297,0.8708526492118835
297,305,0.8712966442108154
305,297,0.8712966442108154
297,341,0.8710619807243347
341,297,0.8710619807243347
297,355,0.8716679811477661
355,297,0.8716679811477661
297,358,0.8715182542800903
358,297,0.8715182542800903
297,378,0.8707492351531982
378,297,0.8707492351531982
297,391,0.8710234761238098
391,297,0.8710234761238098
297,401,0.8707760572433472
401,297,0.8707760572433472
297,407,0.8715489506721497
407,297,0.8715489506721497
297,409,0.870816707611084
409,297,0.870816707611084
297,445,0.8716716766357422
445,297,0.8716716766357422
297,483,0.8706622123718262
483,297,0.8706622123718262
297,544,0.8708146214485168
544,297,0.8708146214485168
297,567,0.871618390083313
567,297,0.871618390083313
297,604,0.8717039823532104
604,297,0.8717039823532104
297,620,0.870715856552124
620,297,0.870715856552124
297,629,0.8708328008651733
629,297,0.8708328008651733
297,635,0.8708083629608154
635,297,0.8708083629608154
297,640,0.8715619444847107
640,297,0.8715619444847107
297,644,0.8715489506721497
644,297,0.8715489506721497
297,704,0.8715469837188721
704,297,0.8715469837188721
298,305,0.8711166381835938
305,298,0.8711166381835938
298,341,0.8708816766738892
341,298,0.8708816766738892
298,355,0.8714883923530579
355,298,0.8714883923530579
298,358,0.8713384866714478
358,298,0.8713384866714478
298,378,0.870568573474884
378,298,0.870568573474884
298,391,0.8708430528640747
391,298,0.8708430528640747
298,401,0.870595395565033
401,298,0.870595395565033
298,407,0.8713692426681519
407,298,0.8713692426681519
298,409,0.8706361055374146
409,298,0.8706361055374146
298,445,0.8714920878410339
445,298,0.8714920878410339
298,483,0.8704814910888672
483,298,0.8704814910888672
298,544,0.8706339597702026
544,298,0.8706339597702026
298,567,0.8714388012886047
567,298,0.8714388012886047
298,604,0.871524453163147
604,298,0.871524453163147
298,620,0.8705352544784546
620,298,0.8705352544784546
298,629,0.8706521987915039
629,298,0.8706521987915039
298,635,0.8706278800964355
635,298,0.8706278800964355
298,640,0.8713821768760681
640,298,0.8713821768760681
298,644,0.8713692426681519
644,298,0.8713692426681519
298,704,0.8713672161102295
704,298,0.8713672161102295
305,341,0.8702999353408813
341,305,0.8702999353408813
305,355,0.8709089756011963
355,305,0.8709089756011963
305,358,0.8707585334777832
358,305,0.8707585334777832
305,378,0.8699856996536255
378,305,0.8699856996536255
305,391,0.8702613115310669
391,305,0.8702613115310669
305,401,0.8700125813484192
401,305,0.8700125813484192
305,407,0.8707894086837769
407,305,0.8707894086837769
305,409,0.8700534105300903
409,305,0.8700534105300903
305,445,0.8709127902984619
445,305,0.8709127902984619
305,483,0.8698982000350952
483,305,0.8698982000350952
305,544,0.870051383972168
544,305,0.870051383972168
305,567,0.8708591461181641
567,305,0.8708591461181641
305,604,0.8709452152252197
604,305,0.8709452152252197
305,620,0.8699522018432617
620,305,0.8699522018432617
305,629,0.8700696229934692
629,305,0.8700696229934692
305,635,0.8700451254844666
635,305,0.8700451254844666
305,640,0.8708024024963379
640,305,0.8708024024963379
305,644,0.8707894086837769
644,305,0.8707894086837769
305,704,0.8707873821258545
704,305,0.8707873821258545
341,355,0.8712196350097656
355,341,0.8712196350097656
341,358,0.8710694313049316
358,341,0.8710694313049316
341,378,0.8702982068061829
378,341,0.8702982068061829
341,391,0.8705732822418213
391,341,0.8705732822418213
341,401,0.8703250288963318
401,341,0.8703250288963318
341,407,0.8711003065109253
407,341,0.8711003065109253
341,409,0.8703658580780029
409,341,0.8703658580780029
341,445,0.8712233304977417
445,341,0.8712233304977417
341,483,0.8702108860015869
483,341,0.8702108860015869
341,544,0.870363712310791
544,341,0.870363712310791
341,567,0.8711699843406677
567,341,0.8711699843406677
341,604,0.8712557554244995
604,341,0.8712557554244995
341,620,0.8702647089958191
620,341,0.8702647089958191
341,629,0.8703819513320923
629,341,0.8703819513320923
341,635,0.8703575134277344
635,341,0.8703575134277344
341,640,0.8711133003234863
640,341,0.8711133003234863
341,644,0.8711003065109253
644,341,0.8711003065109253
341,704,0.8710982799530029
704,341,0.8710982799530029
355,358,0.870258092880249
358,355,0.870258092880249
355,378,0.8694827556610107
378,355,0.8694827556610107
355,391,0.8697593212127686
391,355,0.8697593212127686
355,401,0.8695096969604492
401,355,0.8695096969604492
355,407,0.8702890872955322
407,355,0.8702890872955322
355,409,0.8695507049560547
409,355,0.8695507049560547
355,445,0.8704128265380859
445,355,0.8704128265380859
355,483,0.8693950176239014
483,355,0.8693950176239014
355,544,0.8695485591888428
544,355,0.8695485591888428
355,567,0.8703591227531433
567,355,0.8703591227531433
355,604,0.8704453706741333
604,355,0.8704453706741333
355,620,0.8694491386413574
620,355,0.8694491386413574
355,629,0.8695669770240784
629,355,0.8695669770240784
355,635,0.8695423603057861
635,355,0.8695423603057861
